接続成功！
 製品名: Nintendo RVL-CNT-01
 メーカー名: Nintendo

デバイスに 22 バイトのレポート形式設定コマンドを送信しました。

データ読み取りを開始します... (Ctrl+Cで停止)
ジャンプ判定基準: 踏み切り > 1.0g, 空中 < 0.5g
--------------------------------------------------
531 424 528
532 424 528
531 424 528
532 424 528
530 424 528
532 427 524
531 427 528
532 425 528
531 427 528
532 424 528
530 424 528
532 424 528
530 424 528
532 425 528
531 427 528
532 424 528
531 424 528
532 424 528
531 427 528
532 424 528
531 424 528
532 425 528
531 427 528
532 424 528
531 424 528
532 425 528
531 424 528
532 424 528
531 424 528
532 425 528
531 427 528
532 424 528
530 424 528
532 425 528
530 424 528
532 425 528
531 427 528
532 425 528
531 427 528
532 424 528
531 424 528
532 424 528
531 427 528
532 425 528
531 426 528
532 424 528
530 424 528
532 425 528
531 427 528
532 425 528
531 427 528
532 424 528
530 424 528
532 424 528
531 426 528
532 425 528
530 427 528
532 424 528
531 424 528
532 425 528
531 427 528
532 425 528
531 427 528
532 424 528
530 426 528
532 425 528
531 425 528
532 424 528
530 424 528
532 425 528
531 426 528
532 425 528
531 424 528
532 425 528
531 425 528
532 425 528
531 426 528
532 425 528
531 427 528
532 424 528
531 427 528
532 427 528
537 425 532
548 427 516
546 424 516
537 425 528
530 425 536
530 425 532
532 424 532
520 423 516
525 426 524
527 425 536
523 427 520
514 426 536
522 426 532
525 421 540
538 431 544
542 427 532
540 423 528
526 423 520
522 430 540
525 424 528
532 425 528
531 426 520
527 427 524
528 426 524
530 418 520
528 424 528
530 426 524
527 424 528
531 424 524
531 424 532
535 425 536
532 424 528
529 424 528
531 426 524
535 425 532
537 424 532
532 426 528
531 425 532
530 426 524
521 426 524
518 426 532
521 426 528
525 424 528
529 421 512
526 424 528
546 429 528
530 426 524
534 425 536
532 426 532
531 425 536
532 424 532
531 426 532
529 426 528
527 425 528
529 426 524
532 426 524
536 424 528
536 426 532
534 424 532
534 427 528
531 424 528
523 424 528
522 426 532
526 424 528
526 424 524
531 427 528
531 427 532
529 427 528
527 427 528
528 424 528
535 427 528
537 427 524
536 427 528
535 426 528
533 426 524
533 424 528
530 424 532
526 424 532
527 424 528
527 426 524
534 426 520
531 425 540
536 425 532
531 426 520
528 424 528
534 425 532
534 425 528
531 427 528
532 427 528
529 424 532
522 424 532
517 426 532
515 426 532
519 424 532
526 426 524
530 426 524
532 424 528
533 426 524
537 424 528
538 424 532
539 427 528
538 427 524
536 424 528
533 426 524
530 424 528
526 426 528
525 425 532
526 425 536
526 427 528
523 424 528
523 426 524
522 424 532
532 425 528
534 426 520
534 425 532
541 427 528
538 427 528
534 424 528
536 426 528
531 426 524
532 424 528
531 425 532
527 426 528
531 427 528
529 425 532
530 425 528
534 424 528
533 426 524
533 424 528
529 426 524
530 426 528
534 426 528
529 424 528
532 427 528
529 424 528
532 424 528
531 424 528
532 425 528
531 427 528
532 424 528
531 427 528
532 424 528
531 427 528
532 425 528
530 427 528
532 426 528
536 428 528
529 426 516
523 426 532
530 424 528
535 426 524
529 424 536
536 427 528
530 424 532
529 426 528
533 425 528
531 426 528
532 427 528
531 425 524
527 424 520
529 426 528
532 427 532
530 426 528
530 424 532
531 426 528
534 424 528
531 426 528
532 425 528
530 424 528
532 424 528
530 426 528
532 425 528
531 425 528
532 425 528
531 427 528
532 424 528
531 425 528
527 426 532
527 424 528
531 424 528
530 426 524
533 426 524
534 427 528
531 426 528
529 426 532
526 424 532
528 424 532
537 427 536
532 425 540
529 426 536
533 424 532
532 424 528
531 426 524
518 384 520
507 363 536
501 397 580
490 436 588
500 427 576
499 441 588
471 431 560
453 429 540
461 439 528
482 458 524
483 477 516
465 486 488
457 481 472
475 477 468
486 476 476
506 471 484
511 470 484
527 474 496
548 464 504
551 449 504
553 440 508
555 434 508
569 424 512
597 425 516
610 427 516
623 434 524
610 440 532
604 443 528
597 437 524
588 425 516
580 416 512
573 407 508
558 403 512
550 418 520
544 418 520
685 433 572
568 428 636
543 418 576
522 408 512
495 404 480
483 410 480
478 410 484
465 415 500
480 414 488
471 417 520
467 426 532
483 413 520
492 406 508
492 405 512
495 409 512
498 418 508
496 420 512
494 425 512
492 432 516
491 433 520
491 438 512
487 433 516
483 429 516
476 424 520
474 427 520
475 431 524
477 437 528
477 441 528
474 443 524
470 438 520
473 436 524
476 438 524
479 435 524
482 435 524
483 433 528
483 438 528
478 439 528
478 441 532
478 444 532
479 441 532
481 441 532
479 442 528
478 437 532
477 438 528
477 435 532
484 437 528
484 429 528
483 425 528
484 430 528
486 431 528
488 432 532
491 434 528
488 433 528
488 436 524
485 433 524
487 436 520
487 438 520
486 435 520
486 434 520
494 433 520
496 436 520
494 435 520
490 434 524
487 431 524
490 432 524
486 433 528
483 435 524
483 435 524
488 436 524
486 431 520
479 428 520
478 427 532
483 429 564
490 409 552
485 401 548
493 402 544
496 397 544
511 392 532
522 390 528
535 385 528
541 387 524
540 393 524
535 406 524
534 410 520
535 428 516
531 435 504
522 432 496
518 433 496
513 445 496
509 452 496
508 469 496
509 472 496
508 471 496
508 458 500
510 452 512
518 460 528
520 466 532
526 465 540
532 460 544
528 453 548
522 454 544
512 450 540
500 440 544
497 429 552
497 425 556
496 424 564
486 418 564
476 413 556
484 425 552
491 432 552
500 428 544
503 420 544
514 420 544
519 424 544
531 432 544
539 428 536
534 393 524
560 426 528
542 444 548
543 436 536
547 429 528
536 409 520
523 426 516
512 438 516
528 453 504
545 428 508
521 426 524
523 427 528
532 427 524
528 424 548
545 432 540
532 426 520
526 426 520
535 427 532
536 427 532
534 425 536
527 426 528
529 427 528
533 424 528
532 427 532
531 426 528
528 424 528
532 424 524
536 426 524
531 425 536
525 420 516
518 425 544
539 426 520
539 426 524
537 427 528
531 426 528
529 424 520
527 426 524
521 426 528
533 424 520
533 427 536
534 430 540
543 427 524
543 427 528
535 430 540
532 424 532
533 423 516
528 426 520
525 426 532
526 427 528
527 426 520
527 426 524
526 424 532
540 426 520
532 425 536
537 428 536
540 426 528
531 425 536
534 426 524
529 424 524
526 426 528
526 424 532
526 426 524
532 427 524
536 424 528
532 426 532
538 425 532
535 427 532
533 426 524
528 426 524
526 424 528
528 426 524
534 424 528
534 427 532
536 426 528
534 425 532
530 425 528
527 426 520
526 424 528
529 424 524
534 427 524
530 427 532
536 425 528
532 427 532
534 426 528
530 424 528
528 426 524
526 424 528
529 424 528
534 424 528
534 425 532
535 427 528
532 424 532
534 427 528
529 425 528
529 426 524
528 424 528
532 426 528
534 425 532
534 427 528
530 424 528
527 426 524
528 424 528
533 427 528
530 424 528
528 426 524
531 425 528
533 426 528
531 426 528
532 427 528
531 426 528
532 426 528
531 427 528
532 424 528
531 425 528
532 426 528
531 427 528
532 424 528
531 425 528
533 427 528
531 424 528
532 427 528
531 426 528
532 424 528
531 426 528
532 427 528
530 426 528
532 427 528
531 424 528
532 425 528
530 426 528

ユーザーによって停止されました。

接続をクローズしました。
